260
221
235
268
278
277
228
261
209
216
216
216
224
264
264
206
199
241
290
290
313
313
212
279
279
279
180
288
209
209
214
314
314
245
245
269
205
205
266
266
182
311
236
300
200
284
300
300
300
300
258
307
188
199
199
288
288
286
267
267
243
220
230
245
243
224
224
275
311
266
266
302
218
198
293
208
227
314
211
289
316
251
284
286
286
264
196
291
291
291
295
230
303
303
303
303
293
293
262
262
316
220
298
280
215
262
262
246
311
311
201
217
182
311
248
207
232
217
237
205
256
216
212
296
253
242
318
290
292
292
270
270
276
264
318
185
315
315
315
315
229
193
239
298
264
315
305
248
215
278
237
262
299
299
302
205
216
216
189
319
319
319
319
310
188
249
262
234
188
188
224
224
316
307
307
295
218
300
192
277
292
292
239
233
238
231
286
288
288
273
269
302
188
188
258
258
229
314
314
252
316
316
185
185
257
260
260
234
240
235
211
232
279
310
262
305
318
285
254
254
217
310
278
184
273
184
298
315
250
299
243
257
269
225
220
316
316
308
308
194
290
219
280
280
232
260
232
277
267
196
211
265
265
307
316
316
182
274
257
218
308
279
201
206
278
260
298
239
295
232
247
191
274
274
274
212
212
205
205
182
310
296
244
244
223
229
229
270